p min 15 90
n        1      15129
n       15     -15129
a        1        2          0       2931        127
a        1        3          0        364        319
a        1        6          0       6094          0
a        1       11          0       8246          3
a        2        3          0       8624        896
a        2        4          0        511         21
a        2        7          0       1721          3
a        2       12          0       6814          5
a        3        4          0       3588        862
a        3        5          0        240        334
a        3        8          0       1898          0
a        3       13          0       4279          1
a        4        5          0       7776        373
a        4       15          0        766        318
a        4        9          0       4907          3
a        4       14          0       9760          6
a        5       15          0       5352        188
a        5       15          0        463        329
a        1        2          0        463        329
a        5       10          0       1701          5
a        5       15          0       6995          2
a        6        7          0       3129         65
a        6        8          0        698         33
a        6       11          0        987          2
a        6        1          0       4952          3
a        7        8          0       7501        544
a        7        9          0        445        948
a        7       12          0       9200          7
a        7        2          0       8515          0
a        8        9          0       4654         23
a        8       10          0        327        791
a        8       13          0       4145          5
a        8        3          0         56          0
a        9       10          0       6847          9
a        9       15          0        605        717
a        1        6          0        605        717
a        9       14          0       9129          3
a        9        4          0        673          0
a       10       15          0       5585        204
a        1        6          0       5585        204
a       10       15          0        362        319
a        1        7          0        362        319
a       10       15          0       2369          3
a       10        5          0       7930          4
a       11       12          0        467        932
a       11       13          0        983         88
a       11        1          0       4475          0
a       11        6          0       4861          0
a       12       13          0        511        163
a       12       14          0        797        787
a       12        2          0       4826          1
a       12        7          0       3053          1
a       13       14          0       2764        230
a       13       15          0        571         43
a       13        3          0       5612          7
a       13        8          0        619          6
a       14       15          0        993        118
a       14       15          0        332        226
a        1       11          0        332        226
a       14        4          0        364          5
a       14        9          0       3845          4
a        1       11          0       5245        993
a        1       12          0        794        488
a       15        5          0       1760          2
a       15       10          0       9317          4
a        2        7          0        661          3
a        2        7          0        478          1
a        8       12          0        475          3
a        5        7          0        144          5
a        5        8          0        388          7
a        9        2          0        946          2
a       12        5          0        103          5
a        1       13          0        617          1
a        4        5          0        651          6
a       13        8          0        249          3
a       12        3          0        727          1
a        1        6          0      15129        333
a        6       11          0      15129        333
a       11        2          0      15129        333
a        2        7          0      15129        333
a        7       12          0      15129        333
a       12        3          0      15129        333
a        3        8          0      15129        333
a        8       13          0      15129        333
a       13        4          0      15129        333
a        4        9          0      15129        333
a        9       14          0      15129        333
a       14        5          0      15129        333
a        5       10          0      15129        333
a       10       15          0      15129        333
